466920 2021081212 01 1007.3 00011  29.0  25.4  43   0.7  81
466920 2021081212 10 1000.0 00076  28.7  24.5  75   2.3  78
466920 2021081212 10  925.0 00768  24.5  22.5 228   1.5  88
466920 2021081212 06  899.8 01012  23.0  21.8 246   5.1  92
466920 2021081212 02  899.3 01015  23.0  21.7 247   5.2  92
466920 2021081212 02  871.3 01292  22.2  15.0 257   7.6  63
466920 2021081212 04  858.0 01426  21.1  15.8 254   8.2  71
466920 2021081212 06  850.2 01504  20.7  14.4 262   7.7  67
466920 2021081212 10  850.0 01506  20.6  14.4 262   7.6  67
466920 2021081212 06  824.7 01766  18.3  16.5 243   5.1  89
466920 2021081212 02  814.3 01877  17.4  17.3 225   3.8  99
466920 2021081212 06  761.9 02444  14.4  14.4 237   5.0  99
466920 2021081212 06  726.7 02845  12.5   9.4 259   5.9  81
466920 2021081212 10  700.0 03158  11.1   7.6 243   5.7  78
466920 2021081212 06  697.1 03192  11.0   7.1 241   5.4  76
466920 2021081212 02  692.0 03255  10.8   6.4 240   4.3  73
466920 2021081212 02  651.7 03752   7.7   6.3 333   0.3  91
466920 2021081212 04  647.4 03806   8.0   4.6 181   0.0  79
466920 2021081212 02  644.4 03847   8.1   2.2 213   0.9  65
466920 2021081212 02  560.0 04993   1.3  -1.2 170   3.3  82
466920 2021081212 02  551.3 05118   1.6 -11.5 162   2.7  37
466920 2021081212 02  539.9 05289   0.7 -12.4 190   3.2  36
466920 2021081212 02  534.1 05376   0.2 -11.9 206   4.6  39
466920 2021081212 02  528.7 05454  -0.1  -3.4 210   3.6  78
466920 2021081212 02  520.6 05578  -0.3  -8.7 228   2.6  53
466920 2021081212 10  500.0 05902  -2.1  -8.3 151   1.7  62
466920 2021081212 02  463.5 06501  -4.9 -12.3 292   1.8  56
466920 2021081212 02  441.3 06886  -8.3 -11.8 208   3.7  76
466920 2021081212 06  403.3 07579 -12.6 -20.7 183   6.0  50
466920 2021081212 10  400.0 07641 -13.3 -20.8 189   5.3  53
466920 2021081212 02  379.2 08046 -15.7 -23.9  78   2.2  49
466920 2021081212 02  367.6 08279 -17.5 -19.0  48   2.9  88
466920 2021081212 06  340.2 08854 -21.7 -21.9 303   5.0  98
466920 2021081212 02  320.2 09298 -24.9 -25.0 264   1.1  99
466920 2021081212 04  307.6 09592 -25.8 -26.3 144   0.1  94
466920 2021081212 02  305.4 09641 -26.0 -26.5  71   1.3  95
466920 2021081212 02  303.0 09697 -25.8 -29.5  55   3.1  71
466920 2021081212 16  300.0 09771 -26.2 -30.7  49   5.2  65
466920 2021081212 02  299.8 09776 -26.2 -30.9  49   5.2  64
466920 2021081212 02  291.1 09990 -27.9 -31.9  62   7.6  68
466920 2021081212 02  287.2 10086 -28.7 -37.9  66   8.3  41
466920 2021081212 02  280.7 10249 -29.8 -34.8  68   8.2  61
466920 2021081212 06  258.7 10826 -34.1 -47.1  82  12.9  26
466920 2021081212 02  257.2 10866 -34.2 -47.7  81  12.9  24
466920 2021081212 10  250.0 11065 -36.0 -44.6  74  11.7  41
466920 2021081212 02  244.8 11208 -37.2 -42.3  71   9.5  59
466920 2021081212 04  241.9 11294 -37.8 -44.6  67   9.1  49
466920 2021081212 02  212.8 12163 -44.7 -60.7  38  10.5  15
466920 2021081212 02  201.0 12537 -48.2 -57.0  36  10.8  35
466920 2021081212 06  200.8 12546 -48.3 -57.1  36  10.8  35
466920 2021081212 10  200.0 12572 -48.5 -58.6  37  11.0  30
466920 2021081212 02  174.9 13441 -56.0 -68.1  35  19.5  21
466920 2021081212 02  160.1 13996 -60.9 -67.8  30  25.4  40
466920 2021081212 02  155.6 14171 -62.1 -67.8  28  25.8  47
466920 2021081212 10  150.0 14396 -64.0 -70.1  26  26.0  44
466920 2021081212 05  138.8 14866 -67.8 -73.3  22  31.3  46
466920 2021081212 02  125.7 15456 -72.4 -76.8  28  26.0  52
466920 2021081212 03  109.1 16275 -78.5 -82.7  42  23.2  52
466920 2021081212 12  100.0 16771 -78.5 -83.8  45  21.0  43
466920 2021081212 02   89.4 17414 -78.8 -86.0  66  20.0  32
466920 2021081212 06   86.0 17630 -77.3 -85.4  79  20.6  27
466920 2021081212 02   82.9 17842 -78.6 -87.0  74  18.3  26
466920 2021081212 02   77.6 18224 -75.4 -89.0  81  15.4  11
466920 2021081212 06   75.4 18392 -72.2 -89.7  73  13.3   6
466920 2021081212 02   74.3 18474 -69.5 -89.5  83  13.1   4
466920 2021081212 06   72.1 18655 -70.2 -90.7 108  14.4   4
466920 2021081212 10   70.0 18832 -69.2 -90.2  99  12.2   3
466920 2021081212 06   67.8 19028 -68.7 -90.5  80  14.9   3
466920 2021081212 02   66.6 19135 -67.4 -90.0  82  15.0   3
466920 2021081212 06   64.4 19330 -67.9 -90.0  98  12.1   3
466920 2021081212 04   62.6 19505 -68.2 -90.0  78   8.5   3
466920 2021081212 02   62.4 19526 -68.3 -90.0  74   8.6   3
466920 2021081212 06   61.7 19596 -68.0 -90.0  66  10.0   3
466920 2021081212 06   56.9 20082 -66.4 -90.1  50  10.5   2
466920 2021081212 06   53.7 20425 -65.7 -90.5  52  12.6   2
466920 2021081212 10   50.0 20864 -63.7 -89.8  72  15.5   1
466920 2021081212 06   48.8 21010 -62.5 -90.1  84  17.0   1
466920 2021081212 06   46.4 21326 -60.9 -89.2  75  18.3   1
466920 2021081212 06   44.5 21585 -60.8 -88.7  96  19.0   1
466920 2021081212 06   39.4 22352 -58.6 -87.9  80  21.1   1
466920 2021081212 06   37.4 22669 -59.0 -87.9  97  19.3   1
466920 2021081212 04   34.8 23140 -56.5 -87.1  90  23.8   1
466920 2021081212 10   30.0 24077 -53.2 -85.6  94  17.4   1
466920 2021081212 06   29.6 24165 -53.5 -85.5  97  16.3   1
466920 2021081212 06   27.9 24553 -52.6 -85.6  76  18.7   0
466920 2021081212 02   23.3 25728 -48.2 -83.3  84  15.7   0
466920 2021081212 04   23.1 25793 -48.5 -83.3  83  15.2   0
466920 2021081212 02   21.0 26394 -51.1 -84.5  82  18.0   1
466920 2021081212 10   20.0 26718 -50.9 -84.5  85  20.2   0
466920 2021081212 06   19.9 26755 -51.0 -84.6  86  20.2   0
466920 2021081212 06   14.8 28687 -50.1 -84.4  68  22.4   0
466920 2021081212 06   10.9 30701 -47.9 -83.7 105  28.9   0
466920 2021081212 10   10.0 31253 -49.1 -84.2  97  29.3   0
466920 2021081212 02    9.9 31297 -49.2 -84.4  96  29.3   0
466920 2021081212 02    7.8 32912 -43.7 -82.3  97  30.6   0
466920 2021081212 02    7.2 33484 -44.4 -82.8  97  35.2   0
466920 2021081212 05    6.8 33818 -40.7 -81.7  86  36.0   0
466920 2021081212 02    6.1 34525 -37.2 -79.4  78  33.4   0
466920 2021081212 20    6.1 34536 -37.3 -79.5  78  33.6   0
